0218080300001388,5000,0
0218080300001389,5001,1
021808030000138a,5002,2
021808030000138b,5003,3
021808030000138c,5004,4
021808030000138d,5005,5
021808030000138e,5006,6
021808030000138f,5007,7
0218080300001390,5008,8
0218080300001391,5009,9
0218080300001392,5010,0
0218080300001393,5011,1
0218080300001394,5012,2
0218080300001395,5013,3
0218080300001396,5014,4
0218080300001397,5015,5
0218080300001398,5016,6
0218080300001399,5017,7
021808030000139a,5018,8
021808030000139b,5019,9
021808030000139c,5020,0
021808030000139d,5021,1
021808030000139e,5022,2
021808030000139f,5023,3
02180803000013a0,5024,4
02180803000013a1,5025,5
02180803000013a2,5026,6
02180803000013a3,5027,7
02180803000013a4,5028,8
02180803000013a5,5029,9
02180803000013a6,5030,0
02180803000013a7,5031,1
02180803000013a8,5032,2
02180803000013a9,5033,3
02180803000013aa,5034,4
02180803000013ab,5035,5
02180803000013ac,5036,6
02180803000013ad,5037,7
02180803000013ae,5038,8
02180803000013af,5039,9
02180803000013b0,5040,0
02180803000013b1,5041,1
02180803000013b2,5042,2
02180803000013b3,5043,3
02180803000013b4,5044,4
02180803000013b5,5045,5
02180803000013b6,5046,6
02180803000013b7,5047,7
02180803000013b8,5048,8
02180803000013b9,5049,9
02180803000013ba,5050,0
02180803000013bb,5051,1
02180803000013bc,5052,2
02180803000013bd,5053,3
02180803000013be,5054,4
02180803000013bf,5055,5
02180803000013c0,5056,6
02180803000013c1,5057,7
02180803000013c2,5058,8
02180803000013c3,5059,9
02180803000013c4,5060,0
02180803000013c5,5061,1
02180803000013c6,5062,2
02180803000013c7,5063,3
02180803000013c8,5064,4
02180803000013c9,5065,5
02180803000013ca,5066,6
02180803000013cb,5067,7
02180803000013cc,5068,8
02180803000013cd,5069,9
02180803000013ce,5070,0
02180803000013cf,5071,1
02180803000013d0,5072,2
02180803000013d1,5073,3
02180803000013d2,5074,4
02180803000013d3,5075,5
02180803000013d4,5076,6
02180803000013d5,5077,7
02180803000013d6,5078,8
02180803000013d7,5079,9
02180803000013d8,5080,0
02180803000013d9,5081,1
02180803000013da,5082,2
02180803000013db,5083,3
02180803000013dc,5084,4
02180803000013dd,5085,5
02180803000013de,5086,6
02180803000013df,5087,7
02180803000013e0,5088,8
02180803000013e1,5089,9
02180803000013e2,5090,0
02180803000013e3,5091,1
02180803000013e4,5092,2
02180803000013e5,5093,3
02180803000013e6,5094,4
02180803000013e7,5095,5
02180803000013e8,5096,6
02180803000013e9,5097,7
02180803000013ea,5098,8
02180803000013eb,5099,9
02180803000013ec,5100,0
02180803000013ed,5101,1
02180803000013ee,5102,2
02180803000013ef,5103,3
02180803000013f0,5104,4
02180803000013f1,5105,5
02180803000013f2,5106,6
02180803000013f3,5107,7
02180803000013f4,5108,8
02180803000013f5,5109,9
02180803000013f6,5110,0
02180803000013f7,5111,1
02180803000013f8,5112,2
02180803000013f9,5113,3
02180803000013fa,5114,4
02180803000013fb,5115,5
02180803000013fc,5116,6
02180803000013fd,5117,7
02180803000013fe,5118,8
02180803000013ff,5119,9
0218080300001400,5120,0
0218080300001401,5121,1
0218080300001402,5122,2
0218080300001403,5123,3
0218080300001404,5124,4
0218080300001405,5125,5
0218080300001406,5126,6
0218080300001407,5127,7
0218080300001408,5128,8
0218080300001409,5129,9
021808030000140a,5130,0
021808030000140b,5131,1
021808030000140c,5132,2
021808030000140d,5133,3
021808030000140e,5134,4
021808030000140f,5135,5
0218080300001410,5136,6
0218080300001411,5137,7
0218080300001412,5138,8
0218080300001413,5139,9
0218080300001414,5140,0
0218080300001415,5141,1
0218080300001416,5142,2
0218080300001417,5143,3
0218080300001418,5144,4
0218080300001419,5145,5
021808030000141a,5146,6
021808030000141b,5147,7
021808030000141c,5148,8
021808030000141d,5149,9
021808030000141e,5150,0
021808030000141f,5151,1
0218080300001420,5152,2
0218080300001421,5153,3
0218080300001422,5154,4
0218080300001423,5155,5
0218080300001424,5156,6
0218080300001425,5157,7
0218080300001426,5158,8
0218080300001427,5159,9
0218080300001428,5160,0
0218080300001429,5161,1
021808030000142a,5162,2
021808030000142b,5163,3
021808030000142c,5164,4
021808030000142d,5165,5
021808030000142e,5166,6
021808030000142f,5167,7
0218080300001430,5168,8
0218080300001431,5169,9
0218080300001432,5170,0
0218080300001433,5171,1
0218080300001434,5172,2
0218080300001435,5173,3
0218080300001436,5174,4
0218080300001437,5175,5
0218080300001438,5176,6
0218080300001439,5177,7
021808030000143a,5178,8
021808030000143b,5179,9
021808030000143c,5180,0
021808030000143d,5181,1
021808030000143e,5182,2
021808030000143f,5183,3
0218080300001440,5184,4
0218080300001441,5185,5
0218080300001442,5186,6
0218080300001443,5187,7
0218080300001444,5188,8
0218080300001445,5189,9
0218080300001446,5190,0
0218080300001447,5191,1
0218080300001448,5192,2
0218080300001449,5193,3
021808030000144a,5194,4
021808030000144b,5195,5
021808030000144c,5196,6
021808030000144d,5197,7
021808030000144e,5198,8
021808030000144f,5199,9
0218080300001450,5200,0
0218080300001451,5201,1
0218080300001452,5202,2
0218080300001453,5203,3
0218080300001454,5204,4
0218080300001455,5205,5
0218080300001456,5206,6
0218080300001457,5207,7
0218080300001458,5208,8
0218080300001459,5209,9
021808030000145a,5210,0
021808030000145b,5211,1
021808030000145c,5212,2
021808030000145d,5213,3
021808030000145e,5214,4
021808030000145f,5215,5
0218080300001460,5216,6
0218080300001461,5217,7
0218080300001462,5218,8
0218080300001463,5219,9
0218080300001464,5220,0
0218080300001465,5221,1
0218080300001466,5222,2
0218080300001467,5223,3
0218080300001468,5224,4
0218080300001469,5225,5
021808030000146a,5226,6
021808030000146b,5227,7
021808030000146c,5228,8
021808030000146d,5229,9
021808030000146e,5230,0
021808030000146f,5231,1
0218080300001470,5232,2
0218080300001471,5233,3
0218080300001472,5234,4
0218080300001473,5235,5
0218080300001474,5236,6
0218080300001475,5237,7
0218080300001476,5238,8
0218080300001477,5239,9
0218080300001478,5240,0
0218080300001479,5241,1
021808030000147a,5242,2
021808030000147b,5243,3
021808030000147c,5244,4
021808030000147d,5245,5
021808030000147e,5246,6
021808030000147f,5247,7
0218080300001480,5248,8
0218080300001481,5249,9
0218080300001482,5250,0
0218080300001483,5251,1
0218080300001484,5252,2
0218080300001485,5253,3
0218080300001486,5254,4
0218080300001487,5255,5
0218080300001488,5256,6
0218080300001489,5257,7
021808030000148a,5258,8
021808030000148b,5259,9
021808030000148c,5260,0
021808030000148d,5261,1
021808030000148e,5262,2
021808030000148f,5263,3
0218080300001490,5264,4
0218080300001491,5265,5
0218080300001492,5266,6
0218080300001493,5267,7
0218080300001494,5268,8
0218080300001495,5269,9
0218080300001496,5270,0
0218080300001497,5271,1
0218080300001498,5272,2
0218080300001499,5273,3
021808030000149a,5274,4
021808030000149b,5275,5
021808030000149c,5276,6
021808030000149d,5277,7
021808030000149e,5278,8
021808030000149f,5279,9
02180803000014a0,5280,0
02180803000014a1,5281,1
02180803000014a2,5282,2
02180803000014a3,5283,3
02180803000014a4,5284,4
02180803000014a5,5285,5
02180803000014a6,5286,6
02180803000014a7,5287,7
02180803000014a8,5288,8
02180803000014a9,5289,9
02180803000014aa,5290,0
02180803000014ab,5291,1
02180803000014ac,5292,2
02180803000014ad,5293,3
02180803000014ae,5294,4
02180803000014af,5295,5
02180803000014b0,5296,6
02180803000014b1,5297,7
02180803000014b2,5298,8
02180803000014b3,5299,9
02180803000014b4,5300,0
02180803000014b5,5301,1
02180803000014b6,5302,2
02180803000014b7,5303,3
02180803000014b8,5304,4
02180803000014b9,5305,5
02180803000014ba,5306,6
02180803000014bb,5307,7
02180803000014bc,5308,8
02180803000014bd,5309,9
02180803000014be,5310,0
02180803000014bf,5311,1
02180803000014c0,5312,2
02180803000014c1,5313,3
02180803000014c2,5314,4
02180803000014c3,5315,5
02180803000014c4,5316,6
02180803000014c5,5317,7
02180803000014c6,5318,8
02180803000014c7,5319,9
02180803000014c8,5320,0
02180803000014c9,5321,1
02180803000014ca,5322,2
02180803000014cb,5323,3
02180803000014cc,5324,4
02180803000014cd,5325,5
02180803000014ce,5326,6
02180803000014cf,5327,7
02180803000014d0,5328,8
02180803000014d1,5329,9
02180803000014d2,5330,0
02180803000014d3,5331,1
02180803000014d4,5332,2
02180803000014d5,5333,3
02180803000014d6,5334,4
02180803000014d7,5335,5
02180803000014d8,5336,6
02180803000014d9,5337,7
02180803000014da,5338,8
02180803000014db,5339,9
02180803000014dc,5340,0
02180803000014dd,5341,1
02180803000014de,5342,2
02180803000014df,5343,3
02180803000014e0,5344,4
02180803000014e1,5345,5
02180803000014e2,5346,6
02180803000014e3,5347,7
02180803000014e4,5348,8
02180803000014e5,5349,9
02180803000014e6,5350,0
02180803000014e7,5351,1
02180803000014e8,5352,2
02180803000014e9,5353,3
02180803000014ea,5354,4
02180803000014eb,5355,5
02180803000014ec,5356,6
02180803000014ed,5357,7
02180803000014ee,5358,8
02180803000014ef,5359,9
02180803000014f0,5360,0
02180803000014f1,5361,1
02180803000014f2,5362,2
02180803000014f3,5363,3
02180803000014f4,5364,4
02180803000014f5,5365,5
02180803000014f6,5366,6
02180803000014f7,5367,7
02180803000014f8,5368,8
02180803000014f9,5369,9
02180803000014fa,5370,0
02180803000014fb,5371,1
02180803000014fc,5372,2
02180803000014fd,5373,3
02180803000014fe,5374,4
02180803000014ff,5375,5
0218080300001500,5376,6
0218080300001501,5377,7
0218080300001502,5378,8
0218080300001503,5379,9
0218080300001504,5380,0
0218080300001505,5381,1
0218080300001506,5382,2
0218080300001507,5383,3
0218080300001508,5384,4
0218080300001509,5385,5
021808030000150a,5386,6
021808030000150b,5387,7
021808030000150c,5388,8
021808030000150d,5389,9
021808030000150e,5390,0
021808030000150f,5391,1
0218080300001510,5392,2
0218080300001511,5393,3
0218080300001512,5394,4
0218080300001513,5395,5
0218080300001514,5396,6
0218080300001515,5397,7
0218080300001516,5398,8
0218080300001517,5399,9
0218080300001518,5400,0
0218080300001519,5401,1
021808030000151a,5402,2
021808030000151b,5403,3
021808030000151c,5404,4
021808030000151d,5405,5
021808030000151e,5406,6
021808030000151f,5407,7
0218080300001520,5408,8
0218080300001521,5409,9
0218080300001522,5410,0
0218080300001523,5411,1
0218080300001524,5412,2
0218080300001525,5413,3
0218080300001526,5414,4
0218080300001527,5415,5
0218080300001528,5416,6
0218080300001529,5417,7
021808030000152a,5418,8
021808030000152b,5419,9
021808030000152c,5420,0
021808030000152d,5421,1
021808030000152e,5422,2
021808030000152f,5423,3
0218080300001530,5424,4
0218080300001531,5425,5
0218080300001532,5426,6
0218080300001533,5427,7
0218080300001534,5428,8
0218080300001535,5429,9
0218080300001536,5430,0
0218080300001537,5431,1
0218080300001538,5432,2
0218080300001539,5433,3
021808030000153a,5434,4
021808030000153b,5435,5
021808030000153c,5436,6
021808030000153d,5437,7
021808030000153e,5438,8
021808030000153f,5439,9
0218080300001540,5440,0
0218080300001541,5441,1
0218080300001542,5442,2
0218080300001543,5443,3
0218080300001544,5444,4
0218080300001545,5445,5
0218080300001546,5446,6
0218080300001547,5447,7
0218080300001548,5448,8
0218080300001549,5449,9
021808030000154a,5450,0
021808030000154b,5451,1
021808030000154c,5452,2
021808030000154d,5453,3
021808030000154e,5454,4
021808030000154f,5455,5
0218080300001550,5456,6
0218080300001551,5457,7
0218080300001552,5458,8
0218080300001553,5459,9
0218080300001554,5460,0
0218080300001555,5461,1
0218080300001556,5462,2
0218080300001557,5463,3
0218080300001558,5464,4
0218080300001559,5465,5
021808030000155a,5466,6
021808030000155b,5467,7
021808030000155c,5468,8
021808030000155d,5469,9
021808030000155e,5470,0
021808030000155f,5471,1
0218080300001560,5472,2
0218080300001561,5473,3
0218080300001562,5474,4
0218080300001563,5475,5
0218080300001564,5476,6
0218080300001565,5477,7
0218080300001566,5478,8
0218080300001567,5479,9
0218080300001568,5480,0
0218080300001569,5481,1
021808030000156a,5482,2
021808030000156b,5483,3
021808030000156c,5484,4
021808030000156d,5485,5
021808030000156e,5486,6
021808030000156f,5487,7
0218080300001570,5488,8
0218080300001571,5489,9
0218080300001572,5490,0
0218080300001573,5491,1
0218080300001574,5492,2
0218080300001575,5493,3
0218080300001576,5494,4
0218080300001577,5495,5
0218080300001578,5496,6
0218080300001579,5497,7
021808030000157a,5498,8
021808030000157b,5499,9
021808030000157c,5500,0
021808030000157d,5501,1
021808030000157e,5502,2
021808030000157f,5503,3
0218080300001580,5504,4
0218080300001581,5505,5
0218080300001582,5506,6
0218080300001583,5507,7
0218080300001584,5508,8
0218080300001585,5509,9
0218080300001586,5510,0
0218080300001587,5511,1
0218080300001588,5512,2
0218080300001589,5513,3
021808030000158a,5514,4
021808030000158b,5515,5
021808030000158c,5516,6
021808030000158d,5517,7
021808030000158e,5518,8
021808030000158f,5519,9
0218080300001590,5520,0
0218080300001591,5521,1
0218080300001592,5522,2
0218080300001593,5523,3
0218080300001594,5524,4
0218080300001595,5525,5
0218080300001596,5526,6
0218080300001597,5527,7
0218080300001598,5528,8
0218080300001599,5529,9
021808030000159a,5530,0
021808030000159b,5531,1
021808030000159c,5532,2
021808030000159d,5533,3
021808030000159e,5534,4
021808030000159f,5535,5
02180803000015a0,5536,6
02180803000015a1,5537,7
02180803000015a2,5538,8
02180803000015a3,5539,9
02180803000015a4,5540,0
02180803000015a5,5541,1
02180803000015a6,5542,2
02180803000015a7,5543,3
02180803000015a8,5544,4
02180803000015a9,5545,5
02180803000015aa,5546,6
02180803000015ab,5547,7
02180803000015ac,5548,8
02180803000015ad,5549,9
02180803000015ae,5550,0
02180803000015af,5551,1
02180803000015b0,5552,2
02180803000015b1,5553,3
02180803000015b2,5554,4
02180803000015b3,5555,5
02180803000015b4,5556,6
02180803000015b5,5557,7
02180803000015b6,5558,8
02180803000015b7,5559,9
02180803000015b8,5560,0
02180803000015b9,5561,1
02180803000015ba,5562,2
02180803000015bb,5563,3
02180803000015bc,5564,4
02180803000015bd,5565,5
02180803000015be,5566,6
02180803000015bf,5567,7
02180803000015c0,5568,8
02180803000015c1,5569,9
02180803000015c2,5570,0
02180803000015c3,5571,1
02180803000015c4,5572,2
02180803000015c5,5573,3
02180803000015c6,5574,4
02180803000015c7,5575,5
02180803000015c8,5576,6
02180803000015c9,5577,7
02180803000015ca,5578,8
02180803000015cb,5579,9
02180803000015cc,5580,0
02180803000015cd,5581,1
02180803000015ce,5582,2
02180803000015cf,5583,3
02180803000015d0,5584,4
02180803000015d1,5585,5
02180803000015d2,5586,6
02180803000015d3,5587,7
02180803000015d4,5588,8
02180803000015d5,5589,9
02180803000015d6,5590,0
02180803000015d7,5591,1
02180803000015d8,5592,2
02180803000015d9,5593,3
02180803000015da,5594,4
02180803000015db,5595,5
02180803000015dc,5596,6
02180803000015dd,5597,7
02180803000015de,5598,8
02180803000015df,5599,9
02180803000015e0,5600,0
02180803000015e1,5601,1
02180803000015e2,5602,2
02180803000015e3,5603,3
02180803000015e4,5604,4
02180803000015e5,5605,5
02180803000015e6,5606,6
02180803000015e7,5607,7
02180803000015e8,5608,8
02180803000015e9,5609,9
02180803000015ea,5610,0
02180803000015eb,5611,1
02180803000015ec,5612,2
02180803000015ed,5613,3
02180803000015ee,5614,4
02180803000015ef,5615,5
02180803000015f0,5616,6
02180803000015f1,5617,7
02180803000015f2,5618,8
02180803000015f3,5619,9
02180803000015f4,5620,0
02180803000015f5,5621,1
02180803000015f6,5622,2
02180803000015f7,5623,3
02180803000015f8,5624,4
02180803000015f9,5625,5
02180803000015fa,5626,6
02180803000015fb,5627,7
02180803000015fc,5628,8
02180803000015fd,5629,9
02180803000015fe,5630,0
02180803000015ff,5631,1
0218080300001600,5632,2
0218080300001601,5633,3
0218080300001602,5634,4
0218080300001603,5635,5
0218080300001604,5636,6
0218080300001605,5637,7
0218080300001606,5638,8
0218080300001607,5639,9
0218080300001608,5640,0
0218080300001609,5641,1
021808030000160a,5642,2
021808030000160b,5643,3
021808030000160c,5644,4
021808030000160d,5645,5
021808030000160e,5646,6
021808030000160f,5647,7
0218080300001610,5648,8
0218080300001611,5649,9
0218080300001612,5650,0
0218080300001613,5651,1
0218080300001614,5652,2
0218080300001615,5653,3
0218080300001616,5654,4
0218080300001617,5655,5
0218080300001618,5656,6
0218080300001619,5657,7
021808030000161a,5658,8
021808030000161b,5659,9
021808030000161c,5660,0
021808030000161d,5661,1
021808030000161e,5662,2
021808030000161f,5663,3
0218080300001620,5664,4
0218080300001621,5665,5
0218080300001622,5666,6
0218080300001623,5667,7
0218080300001624,5668,8
0218080300001625,5669,9
0218080300001626,5670,0
0218080300001627,5671,1
0218080300001628,5672,2
0218080300001629,5673,3
021808030000162a,5674,4
021808030000162b,5675,5
021808030000162c,5676,6
021808030000162d,5677,7
021808030000162e,5678,8
021808030000162f,5679,9
0218080300001630,5680,0
0218080300001631,5681,1
0218080300001632,5682,2
0218080300001633,5683,3
0218080300001634,5684,4
0218080300001635,5685,5
0218080300001636,5686,6
0218080300001637,5687,7
0218080300001638,5688,8
0218080300001639,5689,9
021808030000163a,5690,0
021808030000163b,5691,1
021808030000163c,5692,2
021808030000163d,5693,3
021808030000163e,5694,4
021808030000163f,5695,5
0218080300001640,5696,6
0218080300001641,5697,7
0218080300001642,5698,8
0218080300001643,5699,9
0218080300001644,5700,0
0218080300001645,5701,1
0218080300001646,5702,2
0218080300001647,5703,3
0218080300001648,5704,4
0218080300001649,5705,5
021808030000164a,5706,6
021808030000164b,5707,7
021808030000164c,5708,8
021808030000164d,5709,9
021808030000164e,5710,0
021808030000164f,5711,1
0218080300001650,5712,2
0218080300001651,5713,3
0218080300001652,5714,4
0218080300001653,5715,5
0218080300001654,5716,6
0218080300001655,5717,7
0218080300001656,5718,8
0218080300001657,5719,9
0218080300001658,5720,0
0218080300001659,5721,1
021808030000165a,5722,2
021808030000165b,5723,3
021808030000165c,5724,4
021808030000165d,5725,5
021808030000165e,5726,6
021808030000165f,5727,7
0218080300001660,5728,8
0218080300001661,5729,9
0218080300001662,5730,0
0218080300001663,5731,1
0218080300001664,5732,2
0218080300001665,5733,3
0218080300001666,5734,4
0218080300001667,5735,5
0218080300001668,5736,6
0218080300001669,5737,7
021808030000166a,5738,8
021808030000166b,5739,9
021808030000166c,5740,0
021808030000166d,5741,1
021808030000166e,5742,2
021808030000166f,5743,3
0218080300001670,5744,4
0218080300001671,5745,5
0218080300001672,5746,6
0218080300001673,5747,7
0218080300001674,5748,8
0218080300001675,5749,9
0218080300001676,5750,0
0218080300001677,5751,1
0218080300001678,5752,2
0218080300001679,5753,3
021808030000167a,5754,4
021808030000167b,5755,5
021808030000167c,5756,6
021808030000167d,5757,7
021808030000167e,5758,8
021808030000167f,5759,9
0218080300001680,5760,0
0218080300001681,5761,1
0218080300001682,5762,2
0218080300001683,5763,3
0218080300001684,5764,4
0218080300001685,5765,5
0218080300001686,5766,6
0218080300001687,5767,7
0218080300001688,5768,8
0218080300001689,5769,9
021808030000168a,5770,0
021808030000168b,5771,1
021808030000168c,5772,2
021808030000168d,5773,3
021808030000168e,5774,4
021808030000168f,5775,5
0218080300001690,5776,6
0218080300001691,5777,7
0218080300001692,5778,8
0218080300001693,5779,9
0218080300001694,5780,0
0218080300001695,5781,1
0218080300001696,5782,2
0218080300001697,5783,3
0218080300001698,5784,4
0218080300001699,5785,5
021808030000169a,5786,6
021808030000169b,5787,7
021808030000169c,5788,8
021808030000169d,5789,9
021808030000169e,5790,0
021808030000169f,5791,1
02180803000016a0,5792,2
02180803000016a1,5793,3
02180803000016a2,5794,4
02180803000016a3,5795,5
02180803000016a4,5796,6
02180803000016a5,5797,7
02180803000016a6,5798,8
02180803000016a7,5799,9
02180803000016a8,5800,0
02180803000016a9,5801,1
02180803000016aa,5802,2
02180803000016ab,5803,3
02180803000016ac,5804,4
02180803000016ad,5805,5
02180803000016ae,5806,6
02180803000016af,5807,7
02180803000016b0,5808,8
02180803000016b1,5809,9
02180803000016b2,5810,0
02180803000016b3,5811,1
02180803000016b4,5812,2
02180803000016b5,5813,3
02180803000016b6,5814,4
02180803000016b7,5815,5
02180803000016b8,5816,6
02180803000016b9,5817,7
02180803000016ba,5818,8
02180803000016bb,5819,9
02180803000016bc,5820,0
02180803000016bd,5821,1
02180803000016be,5822,2
02180803000016bf,5823,3
02180803000016c0,5824,4
02180803000016c1,5825,5
02180803000016c2,5826,6
02180803000016c3,5827,7
02180803000016c4,5828,8
02180803000016c5,5829,9
02180803000016c6,5830,0
02180803000016c7,5831,1
02180803000016c8,5832,2
02180803000016c9,5833,3
02180803000016ca,5834,4
02180803000016cb,5835,5
02180803000016cc,5836,6
02180803000016cd,5837,7
02180803000016ce,5838,8
02180803000016cf,5839,9
02180803000016d0,5840,0
02180803000016d1,5841,1
02180803000016d2,5842,2
02180803000016d3,5843,3
02180803000016d4,5844,4
02180803000016d5,5845,5
02180803000016d6,5846,6
02180803000016d7,5847,7
02180803000016d8,5848,8
02180803000016d9,5849,9
02180803000016da,5850,0
02180803000016db,5851,1
02180803000016dc,5852,2
02180803000016dd,5853,3
02180803000016de,5854,4
02180803000016df,5855,5
02180803000016e0,5856,6
02180803000016e1,5857,7
02180803000016e2,5858,8
02180803000016e3,5859,9
02180803000016e4,5860,0
02180803000016e5,5861,1
02180803000016e6,5862,2
02180803000016e7,5863,3
02180803000016e8,5864,4
02180803000016e9,5865,5
02180803000016ea,5866,6
02180803000016eb,5867,7
02180803000016ec,5868,8
02180803000016ed,5869,9
02180803000016ee,5870,0
02180803000016ef,5871,1
02180803000016f0,5872,2
02180803000016f1,5873,3
02180803000016f2,5874,4
02180803000016f3,5875,5
02180803000016f4,5876,6
02180803000016f5,5877,7
02180803000016f6,5878,8
02180803000016f7,5879,9
02180803000016f8,5880,0
02180803000016f9,5881,1
02180803000016fa,5882,2
02180803000016fb,5883,3
02180803000016fc,5884,4
02180803000016fd,5885,5
02180803000016fe,5886,6
02180803000016ff,5887,7
0218080300001700,5888,8
0218080300001701,5889,9
0218080300001702,5890,0
0218080300001703,5891,1
0218080300001704,5892,2
0218080300001705,5893,3
0218080300001706,5894,4
0218080300001707,5895,5
0218080300001708,5896,6
0218080300001709,5897,7
021808030000170a,5898,8
021808030000170b,5899,9
021808030000170c,5900,0
021808030000170d,5901,1
021808030000170e,5902,2
021808030000170f,5903,3
0218080300001710,5904,4
0218080300001711,5905,5
0218080300001712,5906,6
0218080300001713,5907,7
0218080300001714,5908,8
0218080300001715,5909,9
0218080300001716,5910,0
0218080300001717,5911,1
0218080300001718,5912,2
0218080300001719,5913,3
021808030000171a,5914,4
021808030000171b,5915,5
021808030000171c,5916,6
021808030000171d,5917,7
021808030000171e,5918,8
021808030000171f,5919,9
0218080300001720,5920,0
0218080300001721,5921,1
0218080300001722,5922,2
0218080300001723,5923,3
0218080300001724,5924,4
0218080300001725,5925,5
0218080300001726,5926,6
0218080300001727,5927,7
0218080300001728,5928,8
0218080300001729,5929,9
021808030000172a,5930,0
021808030000172b,5931,1
021808030000172c,5932,2
021808030000172d,5933,3
021808030000172e,5934,4
021808030000172f,5935,5
0218080300001730,5936,6
0218080300001731,5937,7
0218080300001732,5938,8
0218080300001733,5939,9
0218080300001734,5940,0
0218080300001735,5941,1
0218080300001736,5942,2
0218080300001737,5943,3
0218080300001738,5944,4
0218080300001739,5945,5
021808030000173a,5946,6
021808030000173b,5947,7
021808030000173c,5948,8
021808030000173d,5949,9
021808030000173e,5950,0
021808030000173f,5951,1
0218080300001740,5952,2
0218080300001741,5953,3
0218080300001742,5954,4
0218080300001743,5955,5
0218080300001744,5956,6
0218080300001745,5957,7
0218080300001746,5958,8
0218080300001747,5959,9
0218080300001748,5960,0
0218080300001749,5961,1
021808030000174a,5962,2
021808030000174b,5963,3
021808030000174c,5964,4
021808030000174d,5965,5
021808030000174e,5966,6
021808030000174f,5967,7
0218080300001750,5968,8
0218080300001751,5969,9
0218080300001752,5970,0
0218080300001753,5971,1
0218080300001754,5972,2
0218080300001755,5973,3
0218080300001756,5974,4
0218080300001757,5975,5
0218080300001758,5976,6
0218080300001759,5977,7
021808030000175a,5978,8
021808030000175b,5979,9
021808030000175c,5980,0
021808030000175d,5981,1
021808030000175e,5982,2
021808030000175f,5983,3
0218080300001760,5984,4
0218080300001761,5985,5
0218080300001762,5986,6
0218080300001763,5987,7
0218080300001764,5988,8
0218080300001765,5989,9
0218080300001766,5990,0
0218080300001767,5991,1
0218080300001768,5992,2
0218080300001769,5993,3
021808030000176a,5994,4
021808030000176b,5995,5
021808030000176c,5996,6
021808030000176d,5997,7
021808030000176e,5998,8
021808030000176f,5999,9
0218080300001770,6000,0
0218080300001771,6001,1
0218080300001772,6002,2
0218080300001773,6003,3
0218080300001774,6004,4
0218080300001775,6005,5
0218080300001776,6006,6
0218080300001777,6007,7
0218080300001778,6008,8
0218080300001779,6009,9
021808030000177a,6010,0
021808030000177b,6011,1
021808030000177c,6012,2
021808030000177d,6013,3
021808030000177e,6014,4
021808030000177f,6015,5
0218080300001780,6016,6
0218080300001781,6017,7
0218080300001782,6018,8
0218080300001783,6019,9
0218080300001784,6020,0
0218080300001785,6021,1
0218080300001786,6022,2
0218080300001787,6023,3
0218080300001788,6024,4
0218080300001789,6025,5
021808030000178a,6026,6
021808030000178b,6027,7
021808030000178c,6028,8
021808030000178d,6029,9
021808030000178e,6030,0
021808030000178f,6031,1
0218080300001790,6032,2
0218080300001791,6033,3
0218080300001792,6034,4
0218080300001793,6035,5
0218080300001794,6036,6
0218080300001795,6037,7
0218080300001796,6038,8
0218080300001797,6039,9
0218080300001798,6040,0
0218080300001799,6041,1
021808030000179a,6042,2
021808030000179b,6043,3
021808030000179c,6044,4
021808030000179d,6045,5
021808030000179e,6046,6
021808030000179f,6047,7
02180803000017a0,6048,8
02180803000017a1,6049,9
02180803000017a2,6050,0
02180803000017a3,6051,1
02180803000017a4,6052,2
02180803000017a5,6053,3
02180803000017a6,6054,4
02180803000017a7,6055,5
02180803000017a8,6056,6
02180803000017a9,6057,7
02180803000017aa,6058,8
02180803000017ab,6059,9
02180803000017ac,6060,0
02180803000017ad,6061,1
02180803000017ae,6062,2
02180803000017af,6063,3
02180803000017b0,6064,4
02180803000017b1,6065,5
02180803000017b2,6066,6
02180803000017b3,6067,7
02180803000017b4,6068,8
02180803000017b5,6069,9
02180803000017b6,6070,0
02180803000017b7,6071,1
02180803000017b8,6072,2
02180803000017b9,6073,3
02180803000017ba,6074,4
02180803000017bb,6075,5
02180803000017bc,6076,6
02180803000017bd,6077,7
02180803000017be,6078,8
02180803000017bf,6079,9
02180803000017c0,6080,0
02180803000017c1,6081,1
02180803000017c2,6082,2
02180803000017c3,6083,3
02180803000017c4,6084,4
02180803000017c5,6085,5
02180803000017c6,6086,6
02180803000017c7,6087,7
02180803000017c8,6088,8
02180803000017c9,6089,9
02180803000017ca,6090,0
02180803000017cb,6091,1
02180803000017cc,6092,2
02180803000017cd,6093,3
02180803000017ce,6094,4
02180803000017cf,6095,5
02180803000017d0,6096,6
02180803000017d1,6097,7
02180803000017d2,6098,8
02180803000017d3,6099,9
02180803000017d4,6100,0
02180803000017d5,6101,1
02180803000017d6,6102,2
02180803000017d7,6103,3
02180803000017d8,6104,4
02180803000017d9,6105,5
02180803000017da,6106,6
02180803000017db,6107,7
02180803000017dc,6108,8
02180803000017dd,6109,9
02180803000017de,6110,0
02180803000017df,6111,1
02180803000017e0,6112,2
02180803000017e1,6113,3
02180803000017e2,6114,4
02180803000017e3,6115,5
02180803000017e4,6116,6
02180803000017e5,6117,7
02180803000017e6,6118,8
02180803000017e7,6119,9
02180803000017e8,6120,0
02180803000017e9,6121,1
02180803000017ea,6122,2
02180803000017eb,6123,3
02180803000017ec,6124,4
02180803000017ed,6125,5
02180803000017ee,6126,6
02180803000017ef,6127,7
02180803000017f0,6128,8
02180803000017f1,6129,9
02180803000017f2,6130,0
02180803000017f3,6131,1
02180803000017f4,6132,2
02180803000017f5,6133,3
02180803000017f6,6134,4
02180803000017f7,6135,5
02180803000017f8,6136,6
02180803000017f9,6137,7
02180803000017fa,6138,8
02180803000017fb,6139,9
02180803000017fc,6140,0
02180803000017fd,6141,1
02180803000017fe,6142,2
02180803000017ff,6143,3
0218080300001800,6144,4
0218080300001801,6145,5
0218080300001802,6146,6
0218080300001803,6147,7
0218080300001804,6148,8
0218080300001805,6149,9
0218080300001806,6150,0
0218080300001807,6151,1
0218080300001808,6152,2
0218080300001809,6153,3
021808030000180a,6154,4
021808030000180b,6155,5
021808030000180c,6156,6
021808030000180d,6157,7
021808030000180e,6158,8
021808030000180f,6159,9
0218080300001810,6160,0
0218080300001811,6161,1
0218080300001812,6162,2
0218080300001813,6163,3
0218080300001814,6164,4
0218080300001815,6165,5
0218080300001816,6166,6
0218080300001817,6167,7
0218080300001818,6168,8
0218080300001819,6169,9
021808030000181a,6170,0
021808030000181b,6171,1
021808030000181c,6172,2
021808030000181d,6173,3
021808030000181e,6174,4
021808030000181f,6175,5
0218080300001820,6176,6
0218080300001821,6177,7
0218080300001822,6178,8
0218080300001823,6179,9
0218080300001824,6180,0
0218080300001825,6181,1
0218080300001826,6182,2
0218080300001827,6183,3
0218080300001828,6184,4
0218080300001829,6185,5
021808030000182a,6186,6
021808030000182b,6187,7
021808030000182c,6188,8
021808030000182d,6189,9
021808030000182e,6190,0
021808030000182f,6191,1
0218080300001830,6192,2
0218080300001831,6193,3
0218080300001832,6194,4
0218080300001833,6195,5
0218080300001834,6196,6
0218080300001835,6197,7
0218080300001836,6198,8
0218080300001837,6199,9
0218080300001838,6200,0
0218080300001839,6201,1
021808030000183a,6202,2
021808030000183b,6203,3
021808030000183c,6204,4
021808030000183d,6205,5
021808030000183e,6206,6
021808030000183f,6207,7
0218080300001840,6208,8
0218080300001841,6209,9
0218080300001842,6210,0
0218080300001843,6211,1
0218080300001844,6212,2
0218080300001845,6213,3
0218080300001846,6214,4
0218080300001847,6215,5
0218080300001848,6216,6
0218080300001849,6217,7
021808030000184a,6218,8
021808030000184b,6219,9
021808030000184c,6220,0
021808030000184d,6221,1
021808030000184e,6222,2
021808030000184f,6223,3
0218080300001850,6224,4
0218080300001851,6225,5
0218080300001852,6226,6
0218080300001853,6227,7
0218080300001854,6228,8
0218080300001855,6229,9
0218080300001856,6230,0
0218080300001857,6231,1
0218080300001858,6232,2
0218080300001859,6233,3
021808030000185a,6234,4
021808030000185b,6235,5
021808030000185c,6236,6
021808030000185d,6237,7
021808030000185e,6238,8
021808030000185f,6239,9
0218080300001860,6240,0
0218080300001861,6241,1
0218080300001862,6242,2
0218080300001863,6243,3
0218080300001864,6244,4
0218080300001865,6245,5
0218080300001866,6246,6
0218080300001867,6247,7
0218080300001868,6248,8
0218080300001869,6249,9
021808030000186a,6250,0
021808030000186b,6251,1
021808030000186c,6252,2
021808030000186d,6253,3
021808030000186e,6254,4
021808030000186f,6255,5
0218080300001870,6256,6
0218080300001871,6257,7
0218080300001872,6258,8
0218080300001873,6259,9
0218080300001874,6260,0
0218080300001875,6261,1
0218080300001876,6262,2
0218080300001877,6263,3
0218080300001878,6264,4
0218080300001879,6265,5
021808030000187a,6266,6
021808030000187b,6267,7
021808030000187c,6268,8
021808030000187d,6269,9
021808030000187e,6270,0
021808030000187f,6271,1
0218080300001880,6272,2
0218080300001881,6273,3
0218080300001882,6274,4
0218080300001883,6275,5
0218080300001884,6276,6
0218080300001885,6277,7
0218080300001886,6278,8
0218080300001887,6279,9
0218080300001888,6280,0
0218080300001889,6281,1
021808030000188a,6282,2
021808030000188b,6283,3
021808030000188c,6284,4
021808030000188d,6285,5
021808030000188e,6286,6
021808030000188f,6287,7
0218080300001890,6288,8
0218080300001891,6289,9
0218080300001892,6290,0
0218080300001893,6291,1
0218080300001894,6292,2
0218080300001895,6293,3
0218080300001896,6294,4
0218080300001897,6295,5
0218080300001898,6296,6
0218080300001899,6297,7
021808030000189a,6298,8
021808030000189b,6299,9
021808030000189c,6300,0
021808030000189d,6301,1
021808030000189e,6302,2
021808030000189f,6303,3
02180803000018a0,6304,4
02180803000018a1,6305,5
02180803000018a2,6306,6
02180803000018a3,6307,7
02180803000018a4,6308,8
02180803000018a5,6309,9
02180803000018a6,6310,0
02180803000018a7,6311,1
02180803000018a8,6312,2
02180803000018a9,6313,3
02180803000018aa,6314,4
02180803000018ab,6315,5
02180803000018ac,6316,6
02180803000018ad,6317,7
02180803000018ae,6318,8
02180803000018af,6319,9
02180803000018b0,6320,0
02180803000018b1,6321,1
02180803000018b2,6322,2
02180803000018b3,6323,3
02180803000018b4,6324,4
02180803000018b5,6325,5
02180803000018b6,6326,6
02180803000018b7,6327,7
02180803000018b8,6328,8
02180803000018b9,6329,9
02180803000018ba,6330,0
02180803000018bb,6331,1
02180803000018bc,6332,2
02180803000018bd,6333,3
02180803000018be,6334,4
02180803000018bf,6335,5
02180803000018c0,6336,6
02180803000018c1,6337,7
02180803000018c2,6338,8
02180803000018c3,6339,9
02180803000018c4,6340,0
02180803000018c5,6341,1
02180803000018c6,6342,2
02180803000018c7,6343,3
02180803000018c8,6344,4
02180803000018c9,6345,5
02180803000018ca,6346,6
02180803000018cb,6347,7
02180803000018cc,6348,8
02180803000018cd,6349,9
02180803000018ce,6350,0
02180803000018cf,6351,1
02180803000018d0,6352,2
02180803000018d1,6353,3
02180803000018d2,6354,4
02180803000018d3,6355,5
02180803000018d4,6356,6
02180803000018d5,6357,7
02180803000018d6,6358,8
02180803000018d7,6359,9
02180803000018d8,6360,0
02180803000018d9,6361,1
02180803000018da,6362,2
02180803000018db,6363,3
02180803000018dc,6364,4
02180803000018dd,6365,5
02180803000018de,6366,6
02180803000018df,6367,7
02180803000018e0,6368,8
02180803000018e1,6369,9
02180803000018e2,6370,0
02180803000018e3,6371,1
02180803000018e4,6372,2
02180803000018e5,6373,3
02180803000018e6,6374,4
02180803000018e7,6375,5
02180803000018e8,6376,6
02180803000018e9,6377,7
02180803000018ea,6378,8
02180803000018eb,6379,9
02180803000018ec,6380,0
02180803000018ed,6381,1
02180803000018ee,6382,2
02180803000018ef,6383,3
02180803000018f0,6384,4
02180803000018f1,6385,5
02180803000018f2,6386,6
02180803000018f3,6387,7
02180803000018f4,6388,8
02180803000018f5,6389,9
02180803000018f6,6390,0
02180803000018f7,6391,1
02180803000018f8,6392,2
02180803000018f9,6393,3
02180803000018fa,6394,4
02180803000018fb,6395,5
02180803000018fc,6396,6
02180803000018fd,6397,7
02180803000018fe,6398,8
02180803000018ff,6399,9
0218080300001900,6400,0
0218080300001901,6401,1
0218080300001902,6402,2
0218080300001903,6403,3
0218080300001904,6404,4
0218080300001905,6405,5
0218080300001906,6406,6
0218080300001907,6407,7
0218080300001908,6408,8
0218080300001909,6409,9
021808030000190a,6410,0
021808030000190b,6411,1
021808030000190c,6412,2
021808030000190d,6413,3
021808030000190e,6414,4
021808030000190f,6415,5
0218080300001910,6416,6
0218080300001911,6417,7
0218080300001912,6418,8
0218080300001913,6419,9
0218080300001914,6420,0
0218080300001915,6421,1
0218080300001916,6422,2
0218080300001917,6423,3
0218080300001918,6424,4
0218080300001919,6425,5
021808030000191a,6426,6
021808030000191b,6427,7
021808030000191c,6428,8
021808030000191d,6429,9
021808030000191e,6430,0
021808030000191f,6431,1
0218080300001920,6432,2
0218080300001921,6433,3
0218080300001922,6434,4
0218080300001923,6435,5
0218080300001924,6436,6
0218080300001925,6437,7
0218080300001926,6438,8
0218080300001927,6439,9
0218080300001928,6440,0
0218080300001929,6441,1
021808030000192a,6442,2
021808030000192b,6443,3
021808030000192c,6444,4
021808030000192d,6445,5
021808030000192e,6446,6
021808030000192f,6447,7
0218080300001930,6448,8
0218080300001931,6449,9
0218080300001932,6450,0
0218080300001933,6451,1
0218080300001934,6452,2
0218080300001935,6453,3
0218080300001936,6454,4
0218080300001937,6455,5
0218080300001938,6456,6
0218080300001939,6457,7
021808030000193a,6458,8
021808030000193b,6459,9
021808030000193c,6460,0
021808030000193d,6461,1
021808030000193e,6462,2
021808030000193f,6463,3
0218080300001940,6464,4
0218080300001941,6465,5
0218080300001942,6466,6
0218080300001943,6467,7
0218080300001944,6468,8
0218080300001945,6469,9
0218080300001946,6470,0
0218080300001947,6471,1
0218080300001948,6472,2
0218080300001949,6473,3
021808030000194a,6474,4
021808030000194b,6475,5
021808030000194c,6476,6
021808030000194d,6477,7
021808030000194e,6478,8
021808030000194f,6479,9
0218080300001950,6480,0
0218080300001951,6481,1
0218080300001952,6482,2
0218080300001953,6483,3
0218080300001954,6484,4
0218080300001955,6485,5
0218080300001956,6486,6
0218080300001957,6487,7
0218080300001958,6488,8
0218080300001959,6489,9
021808030000195a,6490,0
021808030000195b,6491,1
021808030000195c,6492,2
021808030000195d,6493,3
021808030000195e,6494,4
021808030000195f,6495,5
0218080300001960,6496,6
0218080300001961,6497,7
0218080300001962,6498,8
0218080300001963,6499,9
0218080300001964,6500,0
0218080300001965,6501,1
0218080300001966,6502,2
0218080300001967,6503,3
0218080300001968,6504,4
0218080300001969,6505,5
021808030000196a,6506,6
021808030000196b,6507,7
021808030000196c,6508,8
021808030000196d,6509,9
021808030000196e,6510,0
021808030000196f,6511,1
0218080300001970,6512,2
0218080300001971,6513,3
0218080300001972,6514,4
0218080300001973,6515,5
0218080300001974,6516,6
0218080300001975,6517,7
0218080300001976,6518,8
0218080300001977,6519,9
0218080300001978,6520,0
0218080300001979,6521,1
021808030000197a,6522,2
021808030000197b,6523,3
021808030000197c,6524,4
021808030000197d,6525,5
021808030000197e,6526,6
021808030000197f,6527,7
0218080300001980,6528,8
0218080300001981,6529,9
0218080300001982,6530,0
0218080300001983,6531,1
0218080300001984,6532,2
0218080300001985,6533,3
0218080300001986,6534,4
0218080300001987,6535,5
0218080300001988,6536,6
0218080300001989,6537,7
021808030000198a,6538,8
021808030000198b,6539,9
021808030000198c,6540,0
021808030000198d,6541,1
021808030000198e,6542,2
021808030000198f,6543,3
0218080300001990,6544,4
0218080300001991,6545,5
0218080300001992,6546,6
0218080300001993,6547,7
0218080300001994,6548,8
0218080300001995,6549,9
0218080300001996,6550,0
0218080300001997,6551,1
0218080300001998,6552,2
0218080300001999,6553,3
021808030000199a,6554,4
021808030000199b,6555,5
021808030000199c,6556,6
021808030000199d,6557,7
021808030000199e,6558,8
021808030000199f,6559,9
02180803000019a0,6560,0
02180803000019a1,6561,1
02180803000019a2,6562,2
02180803000019a3,6563,3
02180803000019a4,6564,4
02180803000019a5,6565,5
02180803000019a6,6566,6
02180803000019a7,6567,7
02180803000019a8,6568,8
02180803000019a9,6569,9
02180803000019aa,6570,0
02180803000019ab,6571,1
02180803000019ac,6572,2
02180803000019ad,6573,3
02180803000019ae,6574,4
02180803000019af,6575,5
02180803000019b0,6576,6
02180803000019b1,6577,7
02180803000019b2,6578,8
02180803000019b3,6579,9
02180803000019b4,6580,0
02180803000019b5,6581,1
02180803000019b6,6582,2
02180803000019b7,6583,3
02180803000019b8,6584,4
02180803000019b9,6585,5
02180803000019ba,6586,6
02180803000019bb,6587,7
02180803000019bc,6588,8
02180803000019bd,6589,9
02180803000019be,6590,0
02180803000019bf,6591,1
02180803000019c0,6592,2
02180803000019c1,6593,3
02180803000019c2,6594,4
02180803000019c3,6595,5
02180803000019c4,6596,6
02180803000019c5,6597,7
02180803000019c6,6598,8
02180803000019c7,6599,9
02180803000019c8,6600,0
02180803000019c9,6601,1
02180803000019ca,6602,2
02180803000019cb,6603,3
02180803000019cc,6604,4
02180803000019cd,6605,5
02180803000019ce,6606,6
02180803000019cf,6607,7
02180803000019d0,6608,8
02180803000019d1,6609,9
02180803000019d2,6610,0
02180803000019d3,6611,1
02180803000019d4,6612,2
02180803000019d5,6613,3
02180803000019d6,6614,4
02180803000019d7,6615,5
02180803000019d8,6616,6
02180803000019d9,6617,7
02180803000019da,6618,8
02180803000019db,6619,9
02180803000019dc,6620,0
02180803000019dd,6621,1
02180803000019de,6622,2
02180803000019df,6623,3
02180803000019e0,6624,4
02180803000019e1,6625,5
02180803000019e2,6626,6
02180803000019e3,6627,7
02180803000019e4,6628,8
02180803000019e5,6629,9
02180803000019e6,6630,0
02180803000019e7,6631,1
02180803000019e8,6632,2
02180803000019e9,6633,3
02180803000019ea,6634,4
02180803000019eb,6635,5
02180803000019ec,6636,6
02180803000019ed,6637,7
02180803000019ee,6638,8
02180803000019ef,6639,9
02180803000019f0,6640,0
02180803000019f1,6641,1
02180803000019f2,6642,2
02180803000019f3,6643,3
02180803000019f4,6644,4
02180803000019f5,6645,5
02180803000019f6,6646,6
02180803000019f7,6647,7
02180803000019f8,6648,8
02180803000019f9,6649,9
02180803000019fa,6650,0
02180803000019fb,6651,1
02180803000019fc,6652,2
02180803000019fd,6653,3
02180803000019fe,6654,4
02180803000019ff,6655,5
0218080300001a00,6656,6
0218080300001a01,6657,7
0218080300001a02,6658,8
0218080300001a03,6659,9
0218080300001a04,6660,0
0218080300001a05,6661,1
0218080300001a06,6662,2
0218080300001a07,6663,3
0218080300001a08,6664,4
0218080300001a09,6665,5
0218080300001a0a,6666,6
0218080300001a0b,6667,7
0218080300001a0c,6668,8
0218080300001a0d,6669,9
0218080300001a0e,6670,0
0218080300001a0f,6671,1
0218080300001a10,6672,2
0218080300001a11,6673,3
0218080300001a12,6674,4
0218080300001a13,6675,5
0218080300001a14,6676,6
0218080300001a15,6677,7
0218080300001a16,6678,8
0218080300001a17,6679,9
0218080300001a18,6680,0
0218080300001a19,6681,1
0218080300001a1a,6682,2
0218080300001a1b,6683,3
0218080300001a1c,6684,4
0218080300001a1d,6685,5
0218080300001a1e,6686,6
0218080300001a1f,6687,7
0218080300001a20,6688,8
0218080300001a21,6689,9
0218080300001a22,6690,0
0218080300001a23,6691,1
0218080300001a24,6692,2
0218080300001a25,6693,3
0218080300001a26,6694,4
0218080300001a27,6695,5
0218080300001a28,6696,6
0218080300001a29,6697,7
0218080300001a2a,6698,8
0218080300001a2b,6699,9
0218080300001a2c,6700,0
0218080300001a2d,6701,1
0218080300001a2e,6702,2
0218080300001a2f,6703,3
0218080300001a30,6704,4
0218080300001a31,6705,5
0218080300001a32,6706,6
0218080300001a33,6707,7
0218080300001a34,6708,8
0218080300001a35,6709,9
0218080300001a36,6710,0
0218080300001a37,6711,1
0218080300001a38,6712,2
0218080300001a39,6713,3
0218080300001a3a,6714,4
0218080300001a3b,6715,5
0218080300001a3c,6716,6
0218080300001a3d,6717,7
0218080300001a3e,6718,8
0218080300001a3f,6719,9
0218080300001a40,6720,0
0218080300001a41,6721,1
0218080300001a42,6722,2
0218080300001a43,6723,3
0218080300001a44,6724,4
0218080300001a45,6725,5
0218080300001a46,6726,6
0218080300001a47,6727,7
0218080300001a48,6728,8
0218080300001a49,6729,9
0218080300001a4a,6730,0
0218080300001a4b,6731,1
0218080300001a4c,6732,2
0218080300001a4d,6733,3
0218080300001a4e,6734,4
0218080300001a4f,6735,5
0218080300001a50,6736,6
0218080300001a51,6737,7
0218080300001a52,6738,8
0218080300001a53,6739,9
0218080300001a54,6740,0
0218080300001a55,6741,1
0218080300001a56,6742,2
0218080300001a57,6743,3
0218080300001a58,6744,4
0218080300001a59,6745,5
0218080300001a5a,6746,6
0218080300001a5b,6747,7
0218080300001a5c,6748,8
0218080300001a5d,6749,9
0218080300001a5e,6750,0
0218080300001a5f,6751,1
0218080300001a60,6752,2
0218080300001a61,6753,3
0218080300001a62,6754,4
0218080300001a63,6755,5
0218080300001a64,6756,6
0218080300001a65,6757,7
0218080300001a66,6758,8
0218080300001a67,6759,9
0218080300001a68,6760,0
0218080300001a69,6761,1
0218080300001a6a,6762,2
0218080300001a6b,6763,3
0218080300001a6c,6764,4
0218080300001a6d,6765,5
0218080300001a6e,6766,6
0218080300001a6f,6767,7
0218080300001a70,6768,8
0218080300001a71,6769,9
0218080300001a72,6770,0
0218080300001a73,6771,1
0218080300001a74,6772,2
0218080300001a75,6773,3
0218080300001a76,6774,4
0218080300001a77,6775,5
0218080300001a78,6776,6
0218080300001a79,6777,7
0218080300001a7a,6778,8
0218080300001a7b,6779,9
0218080300001a7c,6780,0
0218080300001a7d,6781,1
0218080300001a7e,6782,2
0218080300001a7f,6783,3
0218080300001a80,6784,4
0218080300001a81,6785,5
0218080300001a82,6786,6
0218080300001a83,6787,7
0218080300001a84,6788,8
0218080300001a85,6789,9
0218080300001a86,6790,0
0218080300001a87,6791,1
0218080300001a88,6792,2
0218080300001a89,6793,3
0218080300001a8a,6794,4
0218080300001a8b,6795,5
0218080300001a8c,6796,6
0218080300001a8d,6797,7
0218080300001a8e,6798,8
0218080300001a8f,6799,9
0218080300001a90,6800,0
0218080300001a91,6801,1
0218080300001a92,6802,2
0218080300001a93,6803,3
0218080300001a94,6804,4
0218080300001a95,6805,5
0218080300001a96,6806,6
0218080300001a97,6807,7
0218080300001a98,6808,8
0218080300001a99,6809,9
0218080300001a9a,6810,0
0218080300001a9b,6811,1
0218080300001a9c,6812,2
0218080300001a9d,6813,3
0218080300001a9e,6814,4
0218080300001a9f,6815,5
0218080300001aa0,6816,6
0218080300001aa1,6817,7
0218080300001aa2,6818,8
0218080300001aa3,6819,9
0218080300001aa4,6820,0
0218080300001aa5,6821,1
0218080300001aa6,6822,2
0218080300001aa7,6823,3
0218080300001aa8,6824,4
0218080300001aa9,6825,5
0218080300001aaa,6826,6
0218080300001aab,6827,7
0218080300001aac,6828,8
0218080300001aad,6829,9
0218080300001aae,6830,0
0218080300001aaf,6831,1
0218080300001ab0,6832,2
0218080300001ab1,6833,3
0218080300001ab2,6834,4
0218080300001ab3,6835,5
0218080300001ab4,6836,6
0218080300001ab5,6837,7
0218080300001ab6,6838,8
0218080300001ab7,6839,9
0218080300001ab8,6840,0
0218080300001ab9,6841,1
0218080300001aba,6842,2
0218080300001abb,6843,3
0218080300001abc,6844,4
0218080300001abd,6845,5
0218080300001abe,6846,6
0218080300001abf,6847,7
0218080300001ac0,6848,8
0218080300001ac1,6849,9
0218080300001ac2,6850,0
0218080300001ac3,6851,1
0218080300001ac4,6852,2
0218080300001ac5,6853,3
0218080300001ac6,6854,4
0218080300001ac7,6855,5
0218080300001ac8,6856,6
0218080300001ac9,6857,7
0218080300001aca,6858,8
0218080300001acb,6859,9
0218080300001acc,6860,0
0218080300001acd,6861,1
0218080300001ace,6862,2
0218080300001acf,6863,3
0218080300001ad0,6864,4
0218080300001ad1,6865,5
0218080300001ad2,6866,6
0218080300001ad3,6867,7
0218080300001ad4,6868,8
0218080300001ad5,6869,9
0218080300001ad6,6870,0
0218080300001ad7,6871,1
0218080300001ad8,6872,2
0218080300001ad9,6873,3
0218080300001ada,6874,4
0218080300001adb,6875,5
0218080300001adc,6876,6
0218080300001add,6877,7
0218080300001ade,6878,8
0218080300001adf,6879,9
0218080300001ae0,6880,0
0218080300001ae1,6881,1
0218080300001ae2,6882,2
0218080300001ae3,6883,3
0218080300001ae4,6884,4
0218080300001ae5,6885,5
0218080300001ae6,6886,6
0218080300001ae7,6887,7
0218080300001ae8,6888,8
0218080300001ae9,6889,9
0218080300001aea,6890,0
0218080300001aeb,6891,1
0218080300001aec,6892,2
0218080300001aed,6893,3
0218080300001aee,6894,4
0218080300001aef,6895,5
0218080300001af0,6896,6
0218080300001af1,6897,7
0218080300001af2,6898,8
0218080300001af3,6899,9
0218080300001af4,6900,0
0218080300001af5,6901,1
0218080300001af6,6902,2
0218080300001af7,6903,3
0218080300001af8,6904,4
0218080300001af9,6905,5
0218080300001afa,6906,6
0218080300001afb,6907,7
0218080300001afc,6908,8
0218080300001afd,6909,9
0218080300001afe,6910,0
0218080300001aff,6911,1
0218080300001b00,6912,2
0218080300001b01,6913,3
0218080300001b02,6914,4
0218080300001b03,6915,5
0218080300001b04,6916,6
0218080300001b05,6917,7
0218080300001b06,6918,8
0218080300001b07,6919,9
0218080300001b08,6920,0
0218080300001b09,6921,1
0218080300001b0a,6922,2
0218080300001b0b,6923,3
0218080300001b0c,6924,4
0218080300001b0d,6925,5
0218080300001b0e,6926,6
0218080300001b0f,6927,7
0218080300001b10,6928,8
0218080300001b11,6929,9
0218080300001b12,6930,0
0218080300001b13,6931,1
0218080300001b14,6932,2
0218080300001b15,6933,3
0218080300001b16,6934,4
0218080300001b17,6935,5
0218080300001b18,6936,6
0218080300001b19,6937,7
0218080300001b1a,6938,8
0218080300001b1b,6939,9
0218080300001b1c,6940,0
0218080300001b1d,6941,1
0218080300001b1e,6942,2
0218080300001b1f,6943,3
0218080300001b20,6944,4
0218080300001b21,6945,5
0218080300001b22,6946,6
0218080300001b23,6947,7
0218080300001b24,6948,8
0218080300001b25,6949,9
0218080300001b26,6950,0
0218080300001b27,6951,1
0218080300001b28,6952,2
0218080300001b29,6953,3
0218080300001b2a,6954,4
0218080300001b2b,6955,5
0218080300001b2c,6956,6
0218080300001b2d,6957,7
0218080300001b2e,6958,8
0218080300001b2f,6959,9
0218080300001b30,6960,0
0218080300001b31,6961,1
0218080300001b32,6962,2
0218080300001b33,6963,3
0218080300001b34,6964,4
0218080300001b35,6965,5
0218080300001b36,6966,6
0218080300001b37,6967,7
0218080300001b38,6968,8
0218080300001b39,6969,9
0218080300001b3a,6970,0
0218080300001b3b,6971,1
0218080300001b3c,6972,2
0218080300001b3d,6973,3
0218080300001b3e,6974,4
0218080300001b3f,6975,5
0218080300001b40,6976,6
0218080300001b41,6977,7
0218080300001b42,6978,8
0218080300001b43,6979,9
0218080300001b44,6980,0
0218080300001b45,6981,1
0218080300001b46,6982,2
0218080300001b47,6983,3
0218080300001b48,6984,4
0218080300001b49,6985,5
0218080300001b4a,6986,6
0218080300001b4b,6987,7
0218080300001b4c,6988,8
0218080300001b4d,6989,9
0218080300001b4e,6990,0
0218080300001b4f,6991,1
0218080300001b50,6992,2
0218080300001b51,6993,3
0218080300001b52,6994,4
0218080300001b53,6995,5
0218080300001b54,6996,6
0218080300001b55,6997,7
0218080300001b56,6998,8
0218080300001b57,6999,9
0218080300001b58,7000,0
0218080300001b59,7001,1
0218080300001b5a,7002,2
0218080300001b5b,7003,3
0218080300001b5c,7004,4
0218080300001b5d,7005,5
0218080300001b5e,7006,6
0218080300001b5f,7007,7
0218080300001b60,7008,8
0218080300001b61,7009,9
0218080300001b62,7010,0
0218080300001b63,7011,1
0218080300001b64,7012,2
0218080300001b65,7013,3
0218080300001b66,7014,4
0218080300001b67,7015,5
0218080300001b68,7016,6
0218080300001b69,7017,7
0218080300001b6a,7018,8
0218080300001b6b,7019,9
0218080300001b6c,7020,0
0218080300001b6d,7021,1
0218080300001b6e,7022,2
0218080300001b6f,7023,3
0218080300001b70,7024,4
0218080300001b71,7025,5
0218080300001b72,7026,6
0218080300001b73,7027,7
0218080300001b74,7028,8
0218080300001b75,7029,9
0218080300001b76,7030,0
0218080300001b77,7031,1
0218080300001b78,7032,2
0218080300001b79,7033,3
0218080300001b7a,7034,4
0218080300001b7b,7035,5
0218080300001b7c,7036,6
0218080300001b7d,7037,7
0218080300001b7e,7038,8
0218080300001b7f,7039,9
0218080300001b80,7040,0
0218080300001b81,7041,1
0218080300001b82,7042,2
0218080300001b83,7043,3
0218080300001b84,7044,4
0218080300001b85,7045,5
0218080300001b86,7046,6
0218080300001b87,7047,7
0218080300001b88,7048,8
0218080300001b89,7049,9
0218080300001b8a,7050,0
0218080300001b8b,7051,1
0218080300001b8c,7052,2
0218080300001b8d,7053,3
0218080300001b8e,7054,4
0218080300001b8f,7055,5
0218080300001b90,7056,6
0218080300001b91,7057,7
0218080300001b92,7058,8
0218080300001b93,7059,9
0218080300001b94,7060,0
0218080300001b95,7061,1
0218080300001b96,7062,2
0218080300001b97,7063,3
0218080300001b98,7064,4
0218080300001b99,7065,5
0218080300001b9a,7066,6
0218080300001b9b,7067,7
0218080300001b9c,7068,8
0218080300001b9d,7069,9
0218080300001b9e,7070,0
0218080300001b9f,7071,1
0218080300001ba0,7072,2
0218080300001ba1,7073,3
0218080300001ba2,7074,4
0218080300001ba3,7075,5
0218080300001ba4,7076,6
0218080300001ba5,7077,7
0218080300001ba6,7078,8
0218080300001ba7,7079,9
0218080300001ba8,7080,0
0218080300001ba9,7081,1
0218080300001baa,7082,2
0218080300001bab,7083,3
0218080300001bac,7084,4
0218080300001bad,7085,5
0218080300001bae,7086,6
0218080300001baf,7087,7
0218080300001bb0,7088,8
0218080300001bb1,7089,9
0218080300001bb2,7090,0
0218080300001bb3,7091,1
0218080300001bb4,7092,2
0218080300001bb5,7093,3
0218080300001bb6,7094,4
0218080300001bb7,7095,5
0218080300001bb8,7096,6
0218080300001bb9,7097,7
0218080300001bba,7098,8
0218080300001bbb,7099,9